3556
3012
4004
3007
3014
3618
3020
3013
4151
3016
3043
2005
3531
3617
3005
4003
3037
3535
8302
3006
2023
4242
3025
3543
6187
3623
4036
4028
3041
4006
818120
3022
3627
8343
32681
8205
3532
7416
3021
9925
2373
3110
2005
6039
3019
4005
800778
3619
6377
7420
3023
4081
3545
818384
3042
3690
3017
2023
4132
871022
3030
2020
3522
95337
3024
3536
4848
800778
4461
2153
4007
3015
5341
4500
2002
3700
3534
805090
3643
4299
4465
3039
6851
82091
2979
4135
49597
2008
2006
813428
7267
821298
2011
856242
6416
3545
1119
70581
2295
8288
800780
2080
4013
3035
4185
3762
4232
4125
3513
3504
3533
7388
41452
8335
4027
1258
3715
3031
820247
68668
3621
8396
8595
4075
60051
4399
825762
8202
3576
801944
837102
820450
3560
4499
17209
3399
4453
403506
800780
3112
75436
2298
11398
13680
4451
3027
31144
856230
4617
4011
86483
3070
4023
8203
852862
8251
4076
4188
801108
4468
4450
4028
3028
3576
6464
2012
3104
7986
844636
4079
3057
2297
3812
106
57780
3222
813428
4220
800778
4702
802350
4051
57779
105
4535
4015
805280
3160
820146
4609
887690
835950
47172
8301
13852
4019
860396
59141
820247
2009
895092
800970
889688
3529
2671
4041
8775
831138
807228
3545
2293
6198
802362
4102
4467
3528
3002
8190
71131
6560
820736
2370
2015
46240
7907
3639
2979
8215
8257
7174
800824
3123
8208
813428
4033
3809
2707
7212
7475
1255
4086
8320
55836
7211
2022
110
822642
809146
3576
818702
803812
101
813428
27286
3583
4022
3622
800160
4460
4672
858658
29363
870856
4044
71132
814384
820385
820146
4090
8981
810618
7906
2296
35717
3136
66804
27203
870868
8022
3573
27527
2019
3571
65382
3232
800780
840472
7901
3761
800146
3038
802374
847984
803824
814752
3348
70798
820145
1259
3111
6377
3545
2292
4026
3808
11401
61313
800812
8241
824902
800792
2721
54296
4002
8364
6368
839140
4099
78998
7274
4102
4454
7214
4110
833544
1515
4056
2294
827868
800158
48368
25170
32399
89520
52405
78969
836190
8206
2260
103
39474
812428
8307
4534
4277
1260
4202
3568
88700
32722
3564
8207
3256
1849
827856
814308
63030
11045
33354
8292
36539
823642
2030
70392
4631
813980
2199
7474
38449
4095
8381
4024
7983
8319
7586
27286
4531
4537
33566
69282
71134
4613
4031
805172
820146
2091
4251
49947
3965
13852
46245
4037
75404
80477
55746
12366
820699
32404
4236
91682
89314
7721
8251
820736
31132
49158
59476
17224
33356
8251
801848
3116
8074
66805
820449
36420
6205
89091
8070
75384
821349
116
820146
7719
802160
822236
877700
57202
111
7998
865670
8201
80725
8977
8617
820247
136
82387
6788
3566
82263
4051
3677
4536
8968
82783
33565
4532
78348
872964
3674
802204
97641
33567
814822
801204
4650
29011
820736
4010
83214
803158
801196
47936
8209
3508
59252
56783
31137
76573
895080
3701
64333
4649
23935
820154
27616
4224
11297
810310
3210
78682
899802
82780
814834
27641
6419
800014
45174
33358
4087
12372
3252
92875
57203
56162
88633
90659
32403
4220
6209
63637
820736
13182
802482
7310
24672
58604
4860
50938
70617
861372
6851
8566
92333
86139
4205
40738
7715
7840779003955
854158
56157
17086
6801
207678
802646
820787
57923
3140
85271
803836
29753
31141
43072
27658
82389
29767
3662
841434
4746
29260
4857
4077
8092
864168
29756
7353
25466
44892
861524
820287
820722
17122
82264
155
4160
4505
60307
4021
7111
803184
3401
34909
92310
802754
3653
34045
29260
64334
810524
57778
882626
82785
41197
27286
4849
3235
4041
12463
4065
17971
8067
3628
801348
58250
2612
4237
8409
803196
3549